7
9
13
20
21-23
25-26
37
49
53
67-68
69
79-81
88
102
106
110-111
113
119
123
135
137-139
143-144
1494
161-162
1701
1720
1723
1755
179
1812-1813
1883
1900
1935
1936
199
389
4190
427
443-445
4500
464
465
500
502
514
5000
5005
5009
50000
5044
5051
5060-5061
5080
5101
513-515
51820
5190
5353
5355
5357
543-544
5432
548
554
5555
5601
5631
5666
5671-5672
587
5984
5985-5986
6000-6010
61613
61616
6222
631
636
646
6514
6646
6650
6697
7000-7002
7070
7199
7306
7443
7474
7547
7687
7946
8000
8008-8009
8080-8081
8083
8118
8161
8200
830
8443
8529
853
8600
873
8883
8888
8983
9000
9010
9042
9043
9050-9051
9060
9090-9093
9100
9200
9300
9443
953
969
990
992
993
995
9990
9999-10000
10050-10051
1025-1029
10250
10255
10443
1080
1099
1110
11211
1194
12345
1433-1434
1521
15672
1666
2000-2001
20000
2049
2082-2087
2121
2179
2181
2222
2375-2377
2379-2380
2433
2480
2525
2580
2598
26257
2638
27017-27019
2717
28015
3000
3050
3128
3260
32768
3306
33060
3389
3478
3632
3690
3697
3986
4011
4172
4222
4333
4443
44818
4567
4646
4789
4840
4848
4899
49152-49157
5683-5684
5800
5900-5905
6443
